			
|
????????1463
1508
1576
1480
1419
1396
1522
1556
1472
1572
1537
1608
1444
1536
1612
|

1474
1588
1560
1474
1584
1524
1588
1555
1452
1550
1391
1467
1576
1478
1397
1458
1523
1569
1501
1484
1456
1508
1576
1486
1444
1536
1620
1523
1568
1516
1544
1395
1506
1541
1371
1440
1492
1508
1598
1562
1474
1586
1525
1516
1551
1412
1588
1550
1422
1324
1459
1525
1516
1572
1554
1440
1516
1555
1452
1506
1554
1444
1532
1611
1444
1542
1370
1442
1500
1538
1622
1474
1588
1551
1410
1561
1448
|
1798
1722
1762
1778
1793
1837
1841
1833
1813
1792
1851
1889
1907
1922
1972
1984
2031
2005
1963
1995
1916
1947
1929
1889
1883
1873
1827
1829
1859
1911
1909
1951
1957
1981
2015
2005
1983
2018
2000
1947
1929
1870
1829
1845
1855
1909
1941
1912
1950
1938
1875
1839
1845
1877
1845
1887
1877
1836
1844
1866
1803
1747
1704
1701
1727
1781
1811
1785
1813
1792
1824
1845
1865
1790
1818
1821
1813
1803
1741
1701
1739
1685
1667
1738
1668
1739
1685
1668
1745
1709
1720
1740
1707
1705
1685
1672
1601
1677
1630
1621
1602
1660
1707
1701
1734
1665
1714
1745
1693
1697
1717
1734
1670
1597
1637
1682
1635
1650
1657
1706
1701
1709
1731
1798
1701
1739
1680
1641
1631
1634
1637
1669
1743